PgSAL1_GQ03605_C12CutSeq.fasta
sp|Q42546|DPNP1_ARATH	0
sp|Q8GY63|DPNP3_ARATH	0.3777239709443099	0
sp|O49623|DPNP2_ARATH	0.3438256658595642	0.3462469733656174	0
sp|Q84VY5|DPNP4_ARATH	0.35351089588377727	0.3438256658595642	0.26634382566585957	0
Pg-05r180724s0178232	0.8426150121065376	0.8547215496368039	0.8280871670702179	0.8256658595641646	0
Pg-05r180724s0038956	0.8401937046004843	0.847457627118644	0.8232445520581113	0.8256658595641646	0.1404358353510896	0
Pg-05r180724s0080304	0.8958837772397095	0.8789346246973365	0.8861985472154964	0.8765133171912833	0.864406779661017	0.9007263922518159	0
Pg-05r180724s0927661	0.8426150121065376	0.847457627118644	0.8329297820823245	0.837772397094431	0.6246973365617434	0.6513317191283293	0.3365617433414043	0
Pg-05r180724s1484975	0.8692493946731235	0.8789346246973365	0.8571428571428572	0.864406779661017	0.486682808716707	0.4067796610169492	0.5399515738498789	0.27602905569007263	0
Pg-05r180724s1412892	0.8983050847457628	0.8861985472154964	0.8910411622276029	0.8789346246973365	0.8329297820823245	0.8547215496368039	0.19370460048426152	0.3462469733656174	0.5447941888619855	0
Pg-05r180724s0451348	0.8910411622276029	0.8813559322033898	0.8789346246973365	0.8716707021791767	0.837772397094431	0.8595641646489104	0.1743341404358354	0.3196125907990315	0.513317191283293	0.11622276029055689	0
Pg-05r180724s1261302	0.8208232445520581	0.8256658595641646	0.801452784503632	0.8135593220338984	0.7021791767554479	0.7263922518159807	0.27118644067796616	0.20581113801452788	0.41162227602905566	0.23244552058111378	0.21307506053268765	0
Pg-05r180724s0786413	0.8232445520581113	0.8305084745762712	0.8062953995157385	0.8184019370460048	0.7021791767554479	0.7263922518159807	0.2857142857142857	0.19370460048426152	0.4067796610169492	0.225181598062954	0.20823244552058107	0.04600484261501214	0
Pg-05r180724s0121669	0.7893462469733656	0.7966101694915254	0.774818401937046	0.7869249394673123	0.6682808716707022	0.6949152542372881	0.3196125907990315	0.2300242130750605	0.44794188861985473	0.27602905569007263	0.24939467312348673	0.0847457627118644	0.07263922518159804	0
	sp|Q42546|DPNP1_ARATH	sp|Q8GY63|DPNP3_ARATH	sp|O49623|DPNP2_ARATH	sp|Q84VY5|DPNP4_ARATH	Pg-05r180724s0178232	Pg-05r180724s0038956	Pg-05r180724s0080304	Pg-05r180724s0927661	Pg-05r180724s1484975	Pg-05r180724s1412892	Pg-05r180724s0451348	Pg-05r180724s1261302	Pg-05r180724s0786413	Pg-05r180724s0121669
PgASR_GQ04113_F22CutSeq.fasta
sp|Q42546|DPNP1_ARATH	0
sp|Q8GY63|DPNP3_ARATH	0.269155206286837	0
sp|O49623|DPNP2_ARATH	0.2180746561886051	0.2180746561886051	0
sp|Q84VY5|DPNP4_ARATH	0.26522593320235754	0.24950884086444003	0.20039292730844793	0
Pg-05r180724s0135979	0.6895874263261297	0.6954813359528487	0.6817288801571709	0.6817288801571709	0
Pg-05r180724s2061139	0.6738703339882122	0.6679764243614932	0.6620825147347741	0.6542239685658153	0.4911591355599214	0
Pg-05r180724s0208506	0.6836935166994106	0.6758349705304518	0.6699410609037328	0.6620825147347741	0.49508840864440073	0.027504911591355596	0
Pg-05r180724s1814125	0.8644400785854617	0.8565815324165029	0.8506876227897839	0.8428290766208252	0.6836935166994106	0.22200392927308443	0.2180746561886051	0
Pg-05r180724s0032549	0.8605108055009824	0.8546168958742633	0.8447937131630648	0.8408644400785854	0.6777996070726915	0.22789783889980353	0.2239685658153242	0.0491159135559921	0
Pg-05r180724s0021968	0.6699410609037328	0.6758349705304518	0.656188605108055	0.6581532416502947	0.23379174852652262	0.37917485265225936	0.3870333988212181	0.5677799607072691	0.5736738703339882	0
Pg-05r180724s0005853	0.6699410609037328	0.6758349705304518	0.656188605108055	0.6581532416502947	0.23379174852652262	0.37917485265225936	0.3870333988212181	0.5677799607072691	0.5736738703339882	0.0	0
Pg-05r180724s1325484	0.7288801571709234	0.7367387033398821	0.7111984282907662	0.7328094302554027	0.6719056974459725	0.4577603143418467	0.4656188605108055	0.6542239685658153	0.650294695481336	0.5265225933202358	0.5265225933202358	0
Pg-05r180724s0071030	0.7288801571709234	0.7367387033398821	0.7111984282907662	0.7328094302554027	0.6699410609037328	0.4597249508840865	0.46758349705304514	0.6522593320235757	0.6483300589390963	0.5265225933202358	0.5265225933202358	0.025540275049115935	0
	sp|Q42546|DPNP1_ARATH	sp|Q8GY63|DPNP3_ARATH	sp|O49623|DPNP2_ARATH	sp|Q84VY5|DPNP4_ARATH	Pg-05r180724s0135979	Pg-05r180724s2061139	Pg-05r180724s0208506	Pg-05r180724s1814125	Pg-05r180724s0032549	Pg-05r180724s0021968	Pg-05r180724s0005853	Pg-05r180724s1325484	Pg-05r180724s0071030
PgSAL3_GQ02822_N14CutSeq.fasta
sp|Q42546|DPNP1_ARATH	0
sp|Q8GY63|DPNP3_ARATH	0.3780487804878049	0
sp|O49623|DPNP2_ARATH	0.29512195121951224	0.30000000000000004	0
sp|Q84VY5|DPNP4_ARATH	0.35365853658536583	0.35609756097560974	0.2780487804878049	0
Pg-05r180724s0088647	0.8585365853658536	0.8731707317073171	0.8365853658536585	0.8658536585365854	0
Pg-05r180724s0912899	0.8609756097560975	0.875609756097561	0.8463414634146341	0.8707317073170732	0.13658536585365855	0
Pg-05r180724s0129896	0.8609756097560975	0.8780487804878049	0.8439024390243902	0.8707317073170732	0.13414634146341464	0.012195121951219523	0
Pg-05r180724s0014527	0.8463414634146341	0.8512195121951219	0.8292682926829268	0.826829268292683	0.348780487804878	0.41463414634146345	0.41219512195121955	0
Pg-05r180724s0174249	0.848780487804878	0.8634146341463415	0.8341463414634146	0.8243902439024391	0.37073170731707317	0.4292682926829269	0.4317073170731708	0.17560975609756102	0
Pg-05r180724s0080304	0.9024390243902439	0.8902439024390244	0.8878048780487805	0.8682926829268293	0.46585365853658534	0.4414634146341463	0.4439024390243902	0.42195121951219516	0.4512195121951219	0
Pg-05r180724s1137414	0.8585365853658536	0.848780487804878	0.8439024390243902	0.8243902439024391	0.41707317073170735	0.3951219512195122	0.3975609756097561	0.37317073170731707	0.40487804878048783	0.060975609756097615	0
Pg-05r180724s0457801	0.8926829268292683	0.8658536585365854	0.8829268292682927	0.8609756097560975	0.5853658536585367	0.5463414634146342	0.551219512195122	0.5536585365853659	0.5829268292682928	0.20731707317073167	0.26097560975609757	0
Pg-05r180724s0026630	0.8878048780487805	0.8731707317073171	0.8780487804878049	0.8609756097560975	0.5634146341463415	0.5195121951219512	0.524390243902439	0.5414634146341464	0.5634146341463415	0.18536585365853664	0.23902439024390243	0.05853658536585371	0
Pg-05r180724s0927661	0.8195121951219513	0.8195121951219513	0.8073170731707318	0.7975609756097561	0.36097560975609755	0.3341463414634146	0.3365853658536585	0.20243902439024386	0.30487804878048785	0.25365853658536586	0.20975609756097557	0.37073170731707317	0.36341463414634145	0
Pg-05r180724s1412892	0.9097560975609756	0.8902439024390244	0.8878048780487805	0.8658536585365854	0.48292682926829267	0.4463414634146341	0.448780487804878	0.4317073170731708	0.46341463414634143	0.07804878048780484	0.12682926829268293	0.20731707317073167	0.19024390243902434	0.25609756097560976	0
Pg-05r180724s0025025	0.8121951219512196	0.8146341463414635	0.7902439024390244	0.7853658536585366	0.3414634146341463	0.31463414634146336	0.31707317073170727	0.29756097560975614	0.3292682926829268	0.1707317073170732	0.12926829268292683	0.31219512195121957	0.2902439024390244	0.1146341463414634	0.1682926829268293	0
Pg-05r180724s0786413	0.8170731707317074	0.8170731707317074	0.7902439024390244	0.7853658536585366	0.3463414634146341	0.3219512195121951	0.324390243902439	0.29756097560975614	0.3317073170731707	0.17317073170731712	0.12926829268292683	0.30975609756097566	0.29512195121951224	0.1121951219512195	0.1609756097560976	0.024390243902439046	0
Pg-05r180724s0121669	0.8219512195121952	0.8195121951219513	0.7951219512195122	0.7902439024390244	0.3365853658536585	0.31707317073170727	0.31951219512195117	0.29268292682926833	0.324390243902439	0.18048780487804883	0.13658536585365855	0.3219512195121951	0.30487804878048785	0.12439024390243902	0.18048780487804883	0.039024390243902474	0.029268292682926855	0
Pg-05r180724s1261302	0.8146341463414635	0.8195121951219513	0.7926829268292683	0.7902439024390244	0.3390243902439024	0.31463414634146336	0.31707317073170727	0.30731707317073176	0.3292682926829268	0.1707317073170732	0.12926829268292683	0.30975609756097566	0.29512195121951224	0.11951219512195121	0.1682926829268293	0.02682926829268295	0.02682926829268295	0.04146341463414638	0
Pg-05r180724s1890569	0.8414634146341463	0.8414634146341463	0.8219512195121952	0.8146341463414635	0.3268292682926829	0.3829268292682927	0.3829268292682927	0.23414634146341462	0.15121951219512197	0.3951219512195122	0.35121951219512193	0.5097560975609756	0.5	0.25853658536585367	0.3975609756097561	0.2658536585365854	0.2658536585365854	0.26097560975609757	0.2658536585365854	0
Pg-05r180724s0038956	0.9536585365853658	0.9463414634146341	0.9439024390243902	0.9243902439024391	0.4926829268292683	0.5536585365853659	0.5536585365853659	0.20731707317073167	0.1682926829268293	0.3926829268292683	0.4390243902439024	0.5195121951219512	0.5073170731707317	0.35365853658536583	0.4024390243902439	0.4463414634146341	0.4463414634146341	0.4414634146341463	0.4463414634146341	0.25609756097560976	0
	sp|Q42546|DPNP1_ARATH	sp|Q8GY63|DPNP3_ARATH	sp|O49623|DPNP2_ARATH	sp|Q84VY5|DPNP4_ARATH	Pg-05r180724s0088647	Pg-05r180724s0912899	Pg-05r180724s0129896	Pg-05r180724s0014527	Pg-05r180724s0174249	Pg-05r180724s0080304	Pg-05r180724s1137414	Pg-05r180724s0457801	Pg-05r180724s0026630	Pg-05r180724s0927661	Pg-05r180724s1412892	Pg-05r180724s0025025	Pg-05r180724s0786413	Pg-05r180724s0121669	Pg-05r180724s1261302	Pg-05r180724s1890569	Pg-05r180724s0038956
PgSAL5_GQ03806_I20CutSeq.fasta
sp|Q42546|DPNP1_ARATH	0
sp|Q8GY63|DPNP3_ARATH	0.3712737127371274	0
sp|O49623|DPNP2_ARATH	0.30081300813008127	0.30081300813008127	0
sp|Q84VY5|DPNP4_ARATH	0.36585365853658536	0.34417344173441733	0.2764227642276422	0
Pg-05r180724s0927661	0.9512195121951219	0.9349593495934959	0.9376693766937669	0.940379403794038	0
Pg-05r180724s0038956	0.940379403794038	0.948509485094851	0.9214092140921409	0.9186991869918699	0.4905149051490515	0
Pg-05r180724s0178232	0.94579945799458	0.9566395663956639	0.926829268292683	0.9214092140921409	0.48238482384823844	0.07859078590785906	0
Pg-05r180724s0088647	0.94579945799458	0.9349593495934959	0.9376693766937669	0.940379403794038	0.4769647696476965	0.26287262872628725	0.2737127371273713	0
Pg-05r180724s1484975	0.9349593495934959	0.940379403794038	0.926829268292683	0.943089430894309	0.4607046070460704	0.11111111111111116	0.13008130081300817	0.23035230352303526	0
Pg-05r180724s0080304	0.9322493224932249	0.9051490514905149	0.926829268292683	0.9322493224932249	0.41463414634146345	0.48238482384823844	0.5040650406504066	0.4390243902439024	0.38482384823848237	0
Pg-05r180724s0457801	0.9024390243902439	0.8834688346883469	0.8915989159891599	0.9078590785907859	0.6097560975609756	0.7289972899728998	0.7344173441734417	0.6395663956639566	0.6287262872628726	0.33062330623306235	0
Pg-05r180724s0026630	0.9186991869918699	0.8997289972899729	0.9078590785907859	0.9159891598915989	0.4227642276422764	0.5392953929539295	0.5447154471544715	0.4607046070460704	0.4417344173441734	0.13008130081300817	0.2384823848238482	0
	sp|Q42546|DPNP1_ARATH	sp|Q8GY63|DPNP3_ARATH	sp|O49623|DPNP2_ARATH	sp|Q84VY5|DPNP4_ARATH	Pg-05r180724s0927661	Pg-05r180724s0038956	Pg-05r180724s0178232	Pg-05r180724s0088647	Pg-05r180724s1484975	Pg-05r180724s0080304	Pg-05r180724s0457801	Pg-05r180724s0026630
PgSAL6_GQ04010_J13CutSeq.fasta
Pg-05r180724s0038956	0
Pg-05r180724s0080304	0.8712871287128713	0
Pg-05r180724s0927661	0.6460396039603961	0.34405940594059403	0
Pg-05r180724s1484975	0.5148514851485149	0.45297029702970293	0.17079207920792083	0
sp|Q42546|DPNP1_ARATH	0.8589108910891089	0.9108910891089109	0.8539603960396039	0.8465346534653465	0
sp|Q8GY63|DPNP3_ARATH	0.8787128712871287	0.900990099009901	0.8663366336633663	0.8613861386138614	0.3465346534653465	0
sp|O49623|DPNP2_ARATH	0.844059405940594	0.8960396039603961	0.8465346534653465	0.8316831683168316	0.2747524752475248	0.2821782178217822	0
sp|Q84VY5|DPNP4_ARATH	0.8465346534653465	0.8960396039603961	0.8564356435643564	0.8539603960396039	0.3564356435643564	0.3564356435643564	0.2920792079207921	0
	Pg-05r180724s0038956	Pg-05r180724s0080304	Pg-05r180724s0927661	Pg-05r180724s1484975	sp|Q42546|DPNP1_ARATH	sp|Q8GY63|DPNP3_ARATH	sp|O49623|DPNP2_ARATH	sp|Q84VY5|DPNP4_ARATH
PgSOC1_GQ03235_L08CutSeq.fasta
sp|Q42546|DPNP1_ARATH	0
sp|Q8GY63|DPNP3_ARATH	0.20246238030095765	0
sp|O49623|DPNP2_ARATH	0.16005471956224349	0.15321477428180574	0
sp|Q84VY5|DPNP4_ARATH	0.19288645690834472	0.1819425444596443	0.146374829001368	0
Pg-05r180724s0452696	0.5718194254445965	0.585499316005472	0.5772913816689467	0.5786593707250343	0
Pg-05r180724s0055417	0.45690834473324216	0.4651162790697675	0.4500683994528044	0.4514363885088919	0.4897400820793434	0
Pg-05r180724s0912516	0.4733242134062927	0.4842681258549931	0.4610123119015048	0.4637482900136799	0.43365253077975374	0.24760601915184677	0
Pg-05r180724s0022097	0.4733242134062927	0.4842681258549931	0.4610123119015048	0.4637482900136799	0.43365253077975374	0.24760601915184677	0.0	0
Pg-05r180724s0073699	0.4487004103967168	0.4610123119015048	0.439124487004104	0.4418604651162791	0.4487004103967168	0.18057455540355682	0.1450068399452804	0.1450068399452804	0
Pg-05r180724s0099742	0.4473324213406292	0.4610123119015048	0.439124487004104	0.439124487004104	0.4131326949384405	0.23392612859097128	0.12722298221614226	0.12722298221614226	0.1354309165526676	0
Pg-05r180724s0087707	0.6155950752393982	0.6292749658002736	0.6087551299589603	0.6087551299589603	0.5253077975376197	0.4117647058823529	0.27359781121751026	0.27359781121751026	0.3036935704514364	0.23666210670314636	0
Pg-05r180724s0352082	0.478796169630643	0.49110807113543087	0.46922024623803005	0.47058823529411764	0.4035567715458276	0.26402188782489744	0.13269493844049252	0.13269493844049252	0.1573187414500684	0.09986320109439129	0.1956224350205198	0
Pg-05r180724s0123911	0.478796169630643	0.49110807113543087	0.46922024623803005	0.47058823529411764	0.4035567715458276	0.26402188782489744	0.13269493844049252	0.13269493844049252	0.1573187414500684	0.09986320109439129	0.1956224350205198	0.0	0
Pg-05r180724s0053644	0.439124487004104	0.4528043775649795	0.43091655266757867	0.43228454172366626	0.43502051983584133	0.18878248974008205	0.10123119015047877	0.10123119015047877	0.07660738714090287	0.09439124487004102	0.24623803009575929	0.09302325581395354	0.09302325581395354	0
Pg-05r180724s1414280	0.8577291381668947	0.8686730506155951	0.8495212038303693	0.8495212038303693	0.7510259917920656	0.6443228454172367	0.5047879616963065	0.5047879616963065	0.5307797537619698	0.46922024623803005	0.3392612859097127	0.43091655266757867	0.43091655266757867	0.48153214774281805	0
Pg-05r180724s1769789	0.8508891928864569	0.8618331053351573	0.8426812585499316	0.8426812585499316	0.7441860465116279	0.637482900136799	0.4979480164158687	0.4979480164158687	0.5239398084815321	0.4623803009575923	0.34610123119015046	0.4240766073871409	0.4240766073871409	0.4746922024623803	0.01641586867305067	0
Pg-05r180724s0623425	0.508891928864569	0.5198358413132695	0.5006839945280438	0.5006839945280438	0.4021887824897401	0.2954856361149111	0.15595075239398082	0.15595075239398082	0.1819425444596443	0.12038303693570451	0.17783857729138164	0.08207934336525313	0.08207934336525313	0.13269493844049252	0.34883720930232553	0.3419972640218878	0
Pg-05r180724s1089803	0.44596443228454175	0.45827633378932964	0.439124487004104	0.439124487004104	0.41860465116279066	0.2325581395348837	0.10259917920656636	0.10259917920656636	0.12722298221614226	0.05882352941176472	0.2093023255813954	0.06703146374829005	0.06703146374829005	0.06703146374829005	0.4363885088919288	0.4295485636114911	0.08755129958960328	0
Pg-05r180724s0968261	0.4623803009575923	0.4733242134062927	0.45554035567715456	0.45554035567715456	0.45690834473324216	0.21614227086183313	0.1819425444596443	0.1819425444596443	0.20246238030095765	0.13953488372093026	0.292749658002736	0.15047879616963067	0.15047879616963067	0.15047879616963067	0.521203830369357	0.5143638850889193	0.1723666210670315	0.09439124487004102	0
Pg-05r180724s0168733	0.439124487004104	0.4528043775649795	0.43091655266757867	0.43365253077975374	0.4117647058823529	0.22435020519835847	0.10670314637482903	0.10670314637482903	0.10670314637482903	0.08071135430916554	0.24760601915184677	0.1094391244870041	0.1094391244870041	0.0738714090287278	0.478796169630643	0.47195622435020523	0.12995896032831733	0.07660738714090287	0.15458276333789334	0
Pg-05r180724s0011927	0.439124487004104	0.4528043775649795	0.43091655266757867	0.43365253077975374	0.4131326949384405	0.22435020519835847	0.10807113543091651	0.10807113543091651	0.10807113543091651	0.08207934336525313	0.24623803009575929	0.1108071135430917	0.1108071135430917	0.07523939808481528	0.48016415868673046	0.4733242134062927	0.13132694938440492	0.07797537619699046	0.15458276333789334	0.001367989056087593	0
Pg-05r180724s1211159	0.44596443228454175	0.45827633378932964	0.439124487004104	0.4528043775649795	0.47058823529411764	0.1956224350205198	0.1709986320109439	0.1709986320109439	0.056087551299589644	0.1573187414500684	0.33378932968536257	0.1833105335157319	0.1833105335157319	0.10396716826265395	0.5554035567715458	0.5485636114911081	0.2065663474692202	0.15047879616963067	0.22435020519835847	0.13132694938440492	0.13269493844049252	0
Pg-05r180724s0000798	0.4418604651162791	0.45554035567715456	0.43365253077975374	0.43365253077975374	0.439124487004104	0.1942544459644323	0.1217510259917921	0.1217510259917921	0.057455540355677126	0.09849521203830369	0.27496580027359785	0.12722298221614226	0.12722298221614226	0.04787961696306431	0.5020519835841313	0.49521203830369354	0.15321477428180574	0.09165526675786595	0.1709986320109439	0.07660738714090287	0.07797537619699046	0.06566347469220246	0
	sp|Q42546|DPNP1_ARATH	sp|Q8GY63|DPNP3_ARATH	sp|O49623|DPNP2_ARATH	sp|Q84VY5|DPNP4_ARATH	Pg-05r180724s0452696	Pg-05r180724s0055417	Pg-05r180724s0912516	Pg-05r180724s0022097	Pg-05r180724s0073699	Pg-05r180724s0099742	Pg-05r180724s0087707	Pg-05r180724s0352082	Pg-05r180724s0123911	Pg-05r180724s0053644	Pg-05r180724s1414280	Pg-05r180724s1769789	Pg-05r180724s0623425	Pg-05r180724s1089803	Pg-05r180724s0968261	Pg-05r180724s0168733	Pg-05r180724s0011927	Pg-05r180724s1211159	Pg-05r180724s0000798
PgSAL4_GQ03702_K12CutSeq.fasta
sp|Q42546|DPNP1_ARATH	0
sp|Q8GY63|DPNP3_ARATH	0.3784530386740331	0
sp|O49623|DPNP2_ARATH	0.3066298342541437	0.3066298342541437	0
sp|Q84VY5|DPNP4_ARATH	0.3729281767955801	0.350828729281768	0.2817679558011049	0
Pg-05r180724s0178232	0.9475138121546961	0.9640883977900553	0.9392265193370166	0.925414364640884	0
Pg-05r180724s0038956	0.9502762430939227	0.9640883977900553	0.9419889502762431	0.9337016574585635	0.09392265193370164	0
Pg-05r180724s0025158	0.930939226519337	0.9337016574585635	0.9060773480662984	0.9033149171270718	0.25138121546961323	0.24309392265193375	0
Pg-05r180724s1261302	0.9419889502762431	0.9558011049723757	0.9281767955801105	0.919889502762431	0.16850828729281764	0.16850828729281764	0.27900552486187846	0
	sp|Q42546|DPNP1_ARATH	sp|Q8GY63|DPNP3_ARATH	sp|O49623|DPNP2_ARATH	sp|Q84VY5|DPNP4_ARATH	Pg-05r180724s0178232	Pg-05r180724s0038956	Pg-05r180724s0025158	Pg-05r180724s1261302
PgAGL15_GQ03118_H14CutSeq.fasta
sp|Q42546|DPNP1_ARATH	0
sp|Q8GY63|DPNP3_ARATH	0.35677083333333337	0
sp|O49623|DPNP2_ARATH	0.2890625	0.2890625	0
sp|Q84VY5|DPNP4_ARATH	0.3515625	0.33072916666666663	0.265625	0
Pg-05r180724s0015322	0.8932291666666666	0.9036458333333334	0.8697916666666666	0.8723958333333334	0
Pg-05r180724s0002039	0.8958333333333334	0.90625	0.8723958333333334	0.8671875	0.11197916666666663	0
Pg-05r180724s0310354	0.890625	0.8932291666666666	0.8645833333333334	0.8671875	0.28125	0.29947916666666663	0
Pg-05r180724s0054188	0.890625	0.8932291666666666	0.8645833333333334	0.8671875	0.28125	0.29947916666666663	0.0	0
Pg-05r180724s0023002	0.8958333333333334	0.90625	0.8802083333333334	0.8723958333333334	0.26302083333333337	0.25	0.26822916666666663	0.26822916666666663	0
Pg-05r180724s0026133	0.9401041666666666	0.9244791666666666	0.9270833333333334	0.9036458333333334	0.34375	0.35677083333333337	0.36458333333333337	0.36458333333333337	0.40364583333333337	0
Pg-05r180724s0143468	0.9661458333333334	0.9505208333333334	0.9479166666666666	0.9244791666666666	0.265625	0.26041666666666663	0.34114583333333337	0.34114583333333337	0.36979166666666663	0.20572916666666663	0
Pg-05r180724s0072216	0.9661458333333334	0.9505208333333334	0.9479166666666666	0.9244791666666666	0.265625	0.26041666666666663	0.34114583333333337	0.34114583333333337	0.36979166666666663	0.20572916666666663	0.0	0
Pg-05r180724s0161604	0.9427083333333334	0.9296875	0.9192708333333334	0.90625	0.375	0.37239583333333337	0.37760416666666663	0.37760416666666663	0.43229166666666663	0.11197916666666663	0.21875	0.21875	0
Pg-05r180724s0079800	0.9427083333333334	0.9322916666666666	0.9270833333333334	0.90625	0.36197916666666663	0.36458333333333337	0.36979166666666663	0.36979166666666663	0.41666666666666663	0.08854166666666663	0.1953125	0.1953125	0.07291666666666663	0
Pg-05r180724s0950510	0.9479166666666666	0.9375	0.9322916666666666	0.9114583333333334	0.35677083333333337	0.359375	0.36979166666666663	0.36979166666666663	0.41666666666666663	0.09375	0.20052083333333337	0.20052083333333337	0.078125	0.015625	0
Pg-05r180724s0949969	0.9479166666666666	0.9375	0.9322916666666666	0.9114583333333334	0.35677083333333337	0.359375	0.36979166666666663	0.36979166666666663	0.41666666666666663	0.09375	0.20052083333333337	0.20052083333333337	0.078125	0.015625	0.0	0
Pg-05r180724s0093574	0.9557291666666666	0.9453125	0.9375	0.9192708333333334	0.3125	0.3125	0.32291666666666663	0.32291666666666663	0.36197916666666663	0.12239583333333337	0.15625	0.15625	0.12239583333333337	0.09895833333333337	0.109375	0.109375	0
Pg-05r180724s1741077	0.875	0.8776041666666666	0.84375	0.84375	0.296875	0.29947916666666663	0.26302083333333337	0.26302083333333337	0.32291666666666663	0.19010416666666663	0.28645833333333337	0.28645833333333337	0.20572916666666663	0.17708333333333337	0.18489583333333337	0.18489583333333337	0.20052083333333337	0
	sp|Q42546|DPNP1_ARATH	sp|Q8GY63|DPNP3_ARATH	sp|O49623|DPNP2_ARATH	sp|Q84VY5|DPNP4_ARATH	Pg-05r180724s0015322	Pg-05r180724s0002039	Pg-05r180724s0310354	Pg-05r180724s0054188	Pg-05r180724s0023002	Pg-05r180724s0026133	Pg-05r180724s0143468	Pg-05r180724s0072216	Pg-05r180724s0161604	Pg-05r180724s0079800	Pg-05r180724s0950510	Pg-05r180724s0949969	Pg-05r180724s0093574	Pg-05r180724s1741077
PgFLX_GQ04104_P24CutSeq.fasta
sp|Q42546|DPNP1_ARATH	0
sp|Q8GY63|DPNP3_ARATH	0.16789215686274506	0
sp|O49623|DPNP2_ARATH	0.13602941176470584	0.13602941176470584	0
sp|Q84VY5|DPNP4_ARATH	0.17156862745098034	0.17156862745098034	0.1421568627450981	0
Pg-05r180724s0002313	0.44485294117647056	0.4522058823529411	0.4362745098039216	0.4362745098039216	0
Pg-05r180724s0026844	0.7316176470588236	0.7352941176470589	0.7291666666666667	0.7181372549019608	0.7279411764705883	0
Pg-05r180724s0024753	0.7389705882352942	0.741421568627451	0.7365196078431373	0.7242647058823529	0.732843137254902	0.08700980392156865	0
Pg-05r180724s0099538	0.7389705882352942	0.7426470588235294	0.7365196078431373	0.7242647058823529	0.732843137254902	0.08823529411764708	0.05514705882352944	0
Pg-05r180724s0123207	0.6924019607843137	0.696078431372549	0.6887254901960784	0.6801470588235294	0.6838235294117647	0.12009803921568629	0.10784313725490191	0.1115196078431373	0
Pg-05r180724s0015936	0.7475490196078431	0.7512254901960784	0.7450980392156863	0.7340686274509804	0.7426470588235294	0.10661764705882348	0.07720588235294112	0.0845588235294118	0.11274509803921573	0
Pg-05r180724s0025300	0.5208333333333333	0.5330882352941176	0.517156862745098	0.5159313725490196	0.3443627450980392	0.428921568627451	0.42156862745098034	0.42524509803921573	0.3713235294117647	0.4191176470588235	0
Pg-05r180724s0018739	0.42524509803921573	0.42647058823529416	0.42524509803921573	0.4142156862745098	0.17279411764705888	0.7034313725490196	0.7095588235294117	0.7132352941176471	0.6654411764705883	0.7169117647058824	0.45343137254901966	0
Pg-05r180724s0850108	0.4558823529411765	0.4632352941176471	0.44975490196078427	0.4473039215686274	0.09313725490196079	0.7107843137254901	0.7169117647058824	0.7169117647058824	0.6691176470588236	0.7242647058823529	0.32843137254901966	0.21078431372549022	0
Pg-05r180724s0006009	0.48406862745098034	0.4901960784313726	0.4828431372549019	0.47549019607843135	0.27083333333333337	0.6176470588235294	0.6176470588235294	0.6262254901960784	0.5759803921568627	0.6225490196078431	0.42156862745098034	0.20710784313725494	0.22058823529411764	0
Pg-05r180724s0018396	0.4681372549019608	0.47549019607843135	0.4681372549019608	0.46200980392156865	0.25612745098039214	0.6225490196078431	0.6200980392156863	0.6274509803921569	0.5808823529411764	0.6286764705882353	0.41299019607843135	0.1875	0.21323529411764708	0.0490196078431373	0
Pg-05r180724s0015467	0.8823529411764706	0.8860294117647058	0.8799019607843137	0.8725490196078431	0.670343137254902	0.7659313725490196	0.7708333333333334	0.7745098039215687	0.758578431372549	0.7745098039215687	0.7144607843137255	0.5919117647058824	0.6188725490196079	0.4325980392156863	0.428921568627451	0
Pg-05r180724s0007109	0.5894607843137255	0.5955882352941176	0.5882352941176471	0.5808823529411764	0.375	0.5821078431372548	0.5870098039215687	0.5931372549019608	0.5772058823529411	0.5919117647058824	0.5294117647058824	0.303921568627451	0.3223039215686274	0.13725490196078427	0.13602941176470584	0.3125	0
Pg-05r180724s0017405	0.5919117647058824	0.5943627450980392	0.5894607843137255	0.5808823529411764	0.3786764705882353	0.5808823529411764	0.5821078431372548	0.5882352941176471	0.5735294117647058	0.5882352941176471	0.5294117647058824	0.30147058823529416	0.3259803921568627	0.13480392156862742	0.133578431372549	0.3088235294117647	0.018382352941176516	0
Pg-05r180724s0023409	0.5931372549019608	0.5955882352941176	0.5906862745098039	0.5821078431372548	0.37745098039215685	0.5821078431372548	0.5845588235294117	0.5894607843137255	0.5747549019607843	0.5882352941176471	0.5281862745098039	0.3026960784313726	0.32352941176470584	0.1384803921568627	0.14093137254901966	0.3137254901960784	0.023284313725490224	0.015931372549019662	0
Pg-05r180724s0016352	0.48897058823529416	0.49387254901960786	0.4816176470588235	0.47916666666666663	0.13112745098039214	0.7352941176470589	0.7426470588235294	0.741421568627451	0.7267156862745099	0.7487745098039216	0.42647058823529416	0.17647058823529416	0.1470588235294118	0.3578431372549019	0.3443627450980392	0.6446078431372548	0.35049019607843135	0.3529411764705882	0.3529411764705882	0
Pg-05r180724s0912390	0.49264705882352944	0.4963235294117647	0.4901960784313726	0.4828431372549019	0.2769607843137255	0.6151960784313726	0.616421568627451	0.6225490196078431	0.5723039215686274	0.6200980392156863	0.4276960784313726	0.20710784313725494	0.2230392156862745	0.023284313725490224	0.04289215686274506	0.41666666666666663	0.12622549019607843	0.12132352941176472	0.12254901960784315	0.36274509803921573	0
Pg-05r180724s0070288	0.49264705882352944	0.4963235294117647	0.4901960784313726	0.4828431372549019	0.2769607843137255	0.6151960784313726	0.616421568627451	0.6225490196078431	0.5723039215686274	0.6200980392156863	0.4276960784313726	0.20710784313725494	0.2230392156862745	0.023284313725490224	0.04289215686274506	0.41666666666666663	0.12622549019607843	0.12132352941176472	0.12254901960784315	0.36274509803921573	0.0	0
Pg-05r180724s1018065	0.7340686274509804	0.7450980392156863	0.7267156862745099	0.7242647058823529	0.44852941176470584	0.8566176470588236	0.8590686274509804	0.8590686274509804	0.8125	0.8651960784313726	0.491421568627451	0.5147058823529411	0.39460784313725494	0.42647058823529416	0.4154411764705882	0.24877450980392157	0.5257352941176471	0.5269607843137255	0.5269607843137255	0.5330882352941176	0.42524509803921573	0.42524509803921573	0
Pg-05r180724s0477692	0.47549019607843135	0.48039215686274506	0.4681372549019608	0.4644607843137255	0.17647058823529416	0.7120098039215687	0.7181372549019608	0.7205882352941176	0.670343137254902	0.7218137254901961	0.4325980392156863	0.18627450980392157	0.16176470588235292	0.2769607843137255	0.28308823529411764	0.6495098039215687	0.35539215686274506	0.3578431372549019	0.3602941176470589	0.15808823529411764	0.27818627450980393	0.27818627450980393	0.5134803921568627	0
Pg-05r180724s0381969	0.517156862745098	0.5183823529411764	0.5036764705882353	0.5024509803921569	0.29166666666666663	0.633578431372549	0.6397058823529411	0.642156862745098	0.5919117647058824	0.6470588235294117	0.39950980392156865	0.31004901960784315	0.2904411764705882	0.2806372549019608	0.29166666666666663	0.6090686274509804	0.3602941176470589	0.36397058823529416	0.36274509803921573	0.36397058823529416	0.28308823529411764	0.28308823529411764	0.517156862745098	0.29656862745098034	0
Pg-05r180724s0034690	0.4644607843137255	0.47058823529411764	0.4522058823529411	0.4546568627450981	0.29166666666666663	0.6446078431372548	0.6507352941176471	0.6519607843137255	0.6041666666666667	0.6593137254901961	0.3762254901960784	0.321078431372549	0.29166666666666663	0.3308823529411765	0.32475490196078427	0.6887254901960784	0.4375	0.43995098039215685	0.43995098039215685	0.36274509803921573	0.3394607843137255	0.3394607843137255	0.5122549019607843	0.33700980392156865	0.18627450980392157	0
	sp|Q42546|DPNP1_ARATH	sp|Q8GY63|DPNP3_ARATH	sp|O49623|DPNP2_ARATH	sp|Q84VY5|DPNP4_ARATH	Pg-05r180724s0002313	Pg-05r180724s0026844	Pg-05r180724s0024753	Pg-05r180724s0099538	Pg-05r180724s0123207	Pg-05r180724s0015936	Pg-05r180724s0025300	Pg-05r180724s0018739	Pg-05r180724s0850108	Pg-05r180724s0006009	Pg-05r180724s0018396	Pg-05r180724s0015467	Pg-05r180724s0007109	Pg-05r180724s0017405	Pg-05r180724s0023409	Pg-05r180724s0016352	Pg-05r180724s0912390	Pg-05r180724s0070288	Pg-05r180724s1018065	Pg-05r180724s0477692	Pg-05r180724s0381969	Pg-05r180724s0034690
PgSAL2_GQ03707_I04CutSeq.fasta
sp|Q42546|DPNP1_ARATH	0
sp|Q8GY63|DPNP3_ARATH	0.40055248618784534	0
sp|O49623|DPNP2_ARATH	0.32320441988950277	0.3066298342541437	0
sp|Q84VY5|DPNP4_ARATH	0.38397790055248615	0.350828729281768	0.2817679558011049	0
Pg-05r180724s0088647	0.9640883977900553	0.9723756906077348	0.9475138121546961	0.9696132596685083	0
Pg-05r180724s0014527	0.9585635359116023	0.9447513812154696	0.9558011049723757	0.9337016574585635	0.4613259668508287	0
Pg-05r180724s0451348	0.9723756906077348	0.9806629834254144	0.9558011049723757	0.9502762430939227	0.2237569060773481	0.4033149171270718	0
Pg-05r180724s0912899	0.9668508287292817	0.9723756906077348	0.9475138121546961	0.9447513812154696	0.19889502762430944	0.4116022099447514	0.07182320441988954	0
Pg-05r180724s0129896	0.9668508287292817	0.9723756906077348	0.9475138121546961	0.9447513812154696	0.19889502762430944	0.4116022099447514	0.07182320441988954	0.0	0
Pg-05r180724s0038956	0.9640883977900553	0.9779005524861879	0.9502762430939227	0.9475138121546961	0.23480662983425415	0.3895027624309392	0.2154696132596685	0.19060773480662985	0.19060773480662985	0
Pg-05r180724s0457801	0.925414364640884	0.93646408839779	0.9088397790055248	0.9392265193370166	0.505524861878453	0.4696132596685083	0.5165745856353592	0.5331491712707183	0.5331491712707183	0.47237569060773477	0
Pg-05r180724s0121669	0.9447513812154696	0.9419889502762431	0.930939226519337	0.9585635359116023	0.3370165745856354	0.5082872928176796	0.33977900552486184	0.3674033149171271	0.3674033149171271	0.5	0.24861878453038677	0
Pg-05r180724s0927661	0.9475138121546961	0.9530386740331491	0.9392265193370166	0.9640883977900553	0.23480662983425415	0.5662983425414365	0.35359116022099446	0.36187845303867405	0.36187845303867405	0.4033149171270718	0.3066298342541437	0.14364640883977897	0
Pg-05r180724s1412892	0.930939226519337	0.9392265193370166	0.9171270718232044	0.9447513812154696	0.4861878453038674	0.4779005524861878	0.494475138121547	0.5165745856353592	0.5165745856353592	0.45027624309392267	0.12430939226519333	0.2099447513812155	0.2817679558011049	0
Pg-05r180724s0025158	0.9585635359116023	0.9696132596685083	0.93646408839779	0.9392265193370166	0.42817679558011046	0.3204419889502762	0.2624309392265194	0.28729281767955805	0.28729281767955805	0.22928176795580113	0.34530386740331487	0.4116022099447514	0.5027624309392265	0.2845303867403315	0
Pg-05r180724s1261302	0.9392265193370166	0.9475138121546961	0.930939226519337	0.9585635359116023	0.34530386740331487	0.5220994475138121	0.350828729281768	0.37569060773480667	0.37569060773480667	0.5082872928176796	0.2375690607734806	0.06077348066298338	0.1353591160220995	0.18232044198895025	0.39779005524861877	0
	sp|Q42546|DPNP1_ARATH	sp|Q8GY63|DPNP3_ARATH	sp|O49623|DPNP2_ARATH	sp|Q84VY5|DPNP4_ARATH	Pg-05r180724s0088647	Pg-05r180724s0014527	Pg-05r180724s0451348	Pg-05r180724s0912899	Pg-05r180724s0129896	Pg-05r180724s0038956	Pg-05r180724s0457801	Pg-05r180724s0121669	Pg-05r180724s0927661	Pg-05r180724s1412892	Pg-05r180724s0025158	Pg-05r180724s1261302
PgSAL7_GQ03232_K15CutSeq.fasta
sp|Q42546|DPNP1_ARATH	0
sp|Q8GY63|DPNP3_ARATH	0.3178654292343387	0
sp|O49623|DPNP2_ARATH	0.2575406032482599	0.2575406032482599	0
sp|Q84VY5|DPNP4_ARATH	0.34802784222737815	0.33874709976798145	0.2946635730858469	0
Pg-05r180724s0088647	0.8120649651972158	0.8213457076566125	0.7981438515081206	0.7935034802784222	0
Pg-05r180724s0014527	0.777262180974478	0.7935034802784222	0.7587006960556845	0.7633410672853829	0.34338747099767986	0
Pg-05r180724s0912899	0.7726218097447796	0.7888631090487239	0.7587006960556845	0.7633410672853829	0.40371229698375866	0.11368909512761016	0
Pg-05r180724s0129896	0.7726218097447796	0.7865429234338748	0.7563805104408352	0.7610208816705336	0.40371229698375866	0.11600928074245942	0.011600928074245953	0
Pg-05r180724s0617025	0.8074245939675174	0.814385150812065	0.7865429234338748	0.7911832946635731	0.17633410672853833	0.43155452436194897	0.4895591647331786	0.4895591647331786	0
Pg-05r180724s0027104	0.802784222737819	0.814385150812065	0.7911832946635731	0.7842227378190255	0.12064965197215782	0.33874709976798145	0.3921113689095128	0.3921113689095128	0.2529002320185615	0
Pg-05r180724s2061779	0.8051044083526682	0.814385150812065	0.7911832946635731	0.7865429234338748	0.11600928074245942	0.33874709976798145	0.3921113689095128	0.3921113689095128	0.24593967517401394	0.016241299303944357	0
Pg-05r180724s0457801	0.802784222737819	0.8120649651972158	0.7888631090487239	0.7842227378190255	0.11136890951276102	0.34338747099767986	0.3967517401392111	0.3967517401392111	0.24129930394431554	0.016241299303944357	0.009280742459396807	0
Pg-05r180724s0080304	0.8607888631090488	0.8631090487238979	0.8538283062645011	0.8422273781902552	0.7470997679814385	0.6380510440835268	0.6705336426914152	0.6728538283062645	0.728538283062645	0.7215777262180975	0.7308584686774942	0.7308584686774942	0
Pg-05r180724s1137414	0.814385150812065	0.8167053364269141	0.8074245939675174	0.7958236658932715	0.7006960556844548	0.5893271461716938	0.6218097447795823	0.6241299303944315	0.6821345707656612	0.6774941995359629	0.6867749419953597	0.6867749419953597	0.06728538283062646	0
Pg-05r180724s0026630	0.9095127610208816	0.9071925754060325	0.8979118329466358	0.877030162412993	0.54292343387471	0.6635730858468678	0.7262180974477959	0.7262180974477959	0.4292343387470998	0.605568445475638	0.605568445475638	0.6009280742459397	0.42227378190255216	0.4733178654292344	0
Pg-05r180724s0927661	0.7958236658932715	0.8167053364269141	0.7911832946635731	0.7935034802784222	0.6334106728538282	0.5290023201856149	0.494199535962877	0.49651972157772617	0.6125290023201856	0.6125290023201856	0.6194895591647331	0.6194895591647331	0.419953596287703	0.3781902552204176	0.6867749419953597	0
Pg-05r180724s1484975	0.814385150812065	0.8329466357308585	0.8051044083526682	0.8120649651972158	0.4988399071925754	0.494199535962877	0.4663573085846868	0.4663573085846868	0.5174013921113689	0.4756380510440835	0.48259860788863107	0.48259860788863107	0.5266821345707657	0.4872389791183295	0.7633410672853829	0.16241299303944312	0
Pg-05r180724s1412892	0.9002320185614849	0.9071925754060325	0.8932714617169374	0.8816705336426914	0.8352668213457076	0.7238979118329467	0.691415313225058	0.691415313225058	0.8074245939675174	0.8097447795823666	0.8167053364269141	0.8167053364269141	0.2761020881670534	0.3271461716937355	0.5127610208816705	0.34338747099767986	0.45939675174013916	0
Pg-05r180724s0121669	0.7447795823665893	0.7703016241299304	0.740139211136891	0.7424593967517401	0.6218097447795823	0.5150812064965198	0.5266821345707657	0.5220417633410672	0.5916473317865429	0.5986078886310905	0.6009280742459397	0.6009280742459397	0.2853828306264501	0.24593967517401394	0.5127610208816705	0.2853828306264501	0.41299303944315546	0.3317865429234339	0
	sp|Q42546|DPNP1_ARATH	sp|Q8GY63|DPNP3_ARATH	sp|O49623|DPNP2_ARATH	sp|Q84VY5|DPNP4_ARATH	Pg-05r180724s0088647	Pg-05r180724s0014527	Pg-05r180724s0912899	Pg-05r180724s0129896	Pg-05r180724s0617025	Pg-05r180724s0027104	Pg-05r180724s2061779	Pg-05r180724s0457801	Pg-05r180724s0080304	Pg-05r180724s1137414	Pg-05r180724s0026630	Pg-05r180724s0927661	Pg-05r180724s1484975	Pg-05r180724s1412892	Pg-05r180724s0121669
